This file contains spanwise information at angle of 0.00
 The total lift (uncorrected for stall) and drag coefficient are  CL = 0.000000 (uncorrected)  CDi =   0.00000000   The horizontal tail is panel 14 through 17
 index               xo               yo               zo               cn               cl               cy               cd                A                B                C                S             span            chord               nu          epsilon              psi            phiLE	#
     0 -27.496666666667   0.010000000000   0.000000000000   0.000000000000   0.000000000000   0.000000000000   0.000000000000   0.000000000000  -0.000000000000   0.000000000000   0.003976666667   0.020000000000   0.198833333333   0.000000000000   0.000000000000   0.000000000000  20.276470594225
     1 -27.490000000000   0.030000000000   0.000000000000   0.000000000000   0.000000000000   0.000000000000   0.000000000000  -0.000000000000   0.000000000000  -0.000000000000   0.003890000000   0.020000000000   0.194500000000   0.000000000000   0.000000000000   0.000000000000  20.276470594225
     2 -27.483333333333   0.050000000000   0.000000000000   0.000000000000   0.000000000000   0.000000000000   0.000000000000  -0.000000000000   0.000000000000  -0.000000000000   0.003803333333   0.020000000000   0.190166666667   0.000000000000   0.000000000000   0.000000000000  20.276470594225
     3 -27.472333333333   0.073333333333  -0.000500000000   0.000000000000   0.000000000000   0.000000000000   0.000000000000  -0.000000000000   0.000000000000  -0.000000000000   0.004892325181   0.026685410080   0.183333333333  -2.147585428299   0.000000000000   0.000000000000  32.329248815621
     4 -27.457000000000   0.100000000000  -0.001500000000   0.000000000000   0.000000000000   0.000000000000   0.000000000000  -0.000000000000   0.000000000000  -0.000000000000   0.004643261354   0.026685410080   0.174000000000  -2.147585428299   0.000000000000   0.000000000000  32.329248815621
     5 -27.441666666667   0.126666666667  -0.002500000000   0.000000000000   0.000000000000   0.000000000000   0.000000000000  -0.000000000000   0.000000000000  -0.000000000000   0.004394197526   0.026685410080   0.164666666667  -2.147585428299   0.000000000000   0.000000000000  32.329248815621
     6 -27.426875000000   0.150000000000  -0.004000000000   0.000000000000   0.000000000000   0.000000000000   0.000000000000  -0.000000000000   0.000000000000  -0.000000000000   0.003130536256   0.020099751242   0.155750000000  -5.710593137500   0.000000000000   0.000000000000  37.934483353643
     7 -27.412625000000   0.170000000000  -0.006000000000   0.000000000000   0.000000000000   0.000000000000   0.000000000000  -0.000000000000   0.000000000000  -0.000000000000   0.002959688370   0.020099751242   0.147250000000  -5.710593137500   0.000000000000   0.000000000000  37.934483353643
     8 -27.398375000000   0.190000000000  -0.008000000000   0.000000000000   0.000000000000   0.000000000000   0.000000000000  -0.000000000000   0.000000000000  -0.000000000000   0.002788840485   0.020099751242   0.138750000000  -5.710593137500   0.000000000000   0.000000000000  37.934483353643
     9 -27.384125000000   0.210000000000  -0.010000000000   0.000000000000   0.000000000000   0.000000000000   0.000000000000  -0.000000000000   0.000000000000  -0.000000000000   0.002617992599   0.020099751242   0.130250000000  -5.710593137500   0.000000000000   0.000000000000  37.934483353643
    10 -27.364500000000   0.230000000000  -0.013875000000   0.000000000000   0.000000000000   0.000000000000   0.000000000000  -0.000000000000   0.000000000000  -0.000000000000   0.002434787991   0.020810153772   0.117000000000 -16.039943306050   0.000000000000   0.000000000000  53.379538578527
    11 -27.339500000000   0.250000000000  -0.019625000000   0.000000000000   0.000000000000   0.000000000000   0.000000000000  -0.000000000000   0.000000000000  -0.000000000000   0.002060205223   0.020810153772   0.099000000000 -16.039943306050   0.000000000000   0.000000000000  53.379538578527
    12 -27.314500000000   0.270000000000  -0.025375000000   0.000000000000   0.000000000000   0.000000000000   0.000000000000  -0.000000000000   0.000000000000  -0.000000000000   0.001685622456   0.020810153772   0.081000000000 -16.039943306050   0.000000000000   0.000000000000  53.379538578527
    13 -27.289500000000   0.290000000000  -0.031125000000   0.000000000000   0.000000000000   0.000000000000   0.000000000000  -0.000000000000   0.000000000000  -0.000000000000   0.001311039688   0.020810153772   0.063000000000 -16.039943306050   0.000000000000   0.000000000000  53.379538578527
HT
    14 -26.717500000000   0.025000000000   0.000000000000   0.000000000000   0.000000000000   0.000000000000   0.000000000000   0.000000000000  -0.000000000000   0.000000000000   0.003937500000   0.050000000000   0.078750000000   0.000000000000   0.000000000000   0.000000000000   6.182930165948
    15 -26.712500000000   0.075000000000   0.000000000000   0.000000000000   0.000000000000   0.000000000000   0.000000000000  -0.000000000000   0.000000000000  -0.000000000000   0.003812500000   0.050000000000   0.076250000000   0.000000000000   0.000000000000   0.000000000000   6.182930165948
    16 -26.707500000000   0.125000000000   0.000000000000   0.000000000000   0.000000000000   0.000000000000   0.000000000000  -0.000000000000   0.000000000000  -0.000000000000   0.003687500000   0.050000000000   0.073750000000   0.000000000000   0.000000000000   0.000000000000   6.182930165948
    17 -26.702500000000   0.175000000000   0.000000000000   0.000000000000   0.000000000000   0.000000000000   0.000000000000   0.000000000000  -0.000000000000   0.000000000000   0.003562500000   0.050000000000   0.071250000000   0.000000000000   0.000000000000   0.000000000000   6.182930165948
