This file contains spanwise information at angle of 10.00
 The total lift (uncorrected for stall) and drag coefficient are  CL = 0.500059 (uncorrected)  CDi =   0.02337041   The horizontal tail is panel 14 through 17
 index               xo               yo               zo               cn               cl               cy               cd                A                B                C                S             span            chord               nu          epsilon              psi            phiLE	#
     0 -568.723144031233   0.010000000000 -100.281822602656   0.829226468402   0.828512616193   0.031338047721   0.043942988321   0.532236029547  -0.198176758742  -9.908837937119   0.003976666667   0.020000000000   0.198833333333   0.000000000000   0.000000000000   0.000000000000  20.276470594225
     1 -568.716477364662   0.030000000000 -100.281822602656   0.832757815766   0.831880889717   0.033945353771   0.039750184644   0.524596263831  -0.537069349556  -7.035791603561   0.003890000000   0.020000000000   0.194500000000   0.000000000000   0.000000000000   0.000000000000  20.276470594225
     2 -568.709810697804   0.050000000000 -100.281822602632   0.818340886751   0.818105916364   0.023150849565   0.035397312261   0.511960908811  -0.634431291136   2.167694524563   0.003803333333   0.020000000000   0.190166666667   0.000000000000   0.000000000000   0.000000000000  20.276470594225
     3 -568.698810697900   0.073333333333 -100.282322602656   0.830363474802   0.825196238324   0.088573627384   0.033472818070   0.498303457788  -0.537615400641   2.003416842540   0.004892325181   0.026685410080   0.183333333333  -2.147585428299   0.000000000000   0.000000000000  32.329248815621
     4 -568.683477364567   0.100000000000 -100.283322602656   0.845023439771   0.837210263339   0.107572261331   0.032906747557   0.483777448985  -0.671448692479  -7.018640196389   0.004643261354   0.026685410080   0.174000000000  -2.147585428299   0.000000000000   0.000000000000  32.329248815621
     5 -568.668144031233   0.126666666667 -100.284322602656   0.838327015614   0.830501052796   0.106776845702   0.031823895367   0.461452448966  -0.957461232365  -3.699296647510   0.004394197526   0.026685410080   0.164666666667  -2.147585428299   0.000000000000   0.000000000000  32.329248815621
     6 -568.653352364471   0.150000000000 -100.285822602656   0.844783110362   0.822412969949   0.187066263407   0.030899485008   0.437582484961  -1.020715607806   1.764343855594   0.003130536256   0.020099751242   0.155750000000  -5.710593137500   0.000000000000   0.000000000000  37.934483353643
     7 -568.639102364471   0.170000000000 -100.287822602656   0.850173560331   0.825610516925   0.196840868488   0.030499555136   0.416833652630  -1.137950886495  -7.597016970598   0.002959688370   0.020099751242   0.147250000000  -5.710593137500   0.000000000000   0.000000000000  37.934483353643
     8 -568.624852364471   0.190000000000 -100.289822602656   0.840571653264   0.814250663925   0.203344618769   0.029414558042   0.390103527037  -1.600244850703 -15.402967389216   0.002788840485   0.020099751242   0.138750000000  -5.710593137500   0.000000000000   0.000000000000  37.934483353643
     9 -568.610602364471   0.210000000000 -100.291822602656   0.805991066562   0.782201980126   0.187555036211   0.026542441867   0.352513803005  -2.060708498331  -7.505955317267   0.002617992599   0.020099751242   0.130250000000  -5.710593137500   0.000000000000   0.000000000000  37.934483353643
    10 -568.590977364471   0.230000000000 -100.295697602656   0.883011406528   0.727798027006   0.505656029764   0.024787555755   0.309887496172  -1.855350125791  17.117903652284   0.002434787991   0.020810153772   0.117000000000 -16.039943306050   0.000000000000   0.000000000000  53.379538578527
    11 -568.565977364471   0.250000000000 -100.301447602656   0.909727232006   0.740372330123   0.538812380073   0.027368296874   0.275413729527  -1.772737819786 -13.148096080892   0.002060205223   0.020810153772   0.099000000000 -16.039943306050   0.000000000000   0.000000000000  53.379538578527
    12 -568.540977364853   0.270000000000 -100.307197602656   0.887786267574   0.717645280587   0.535486460525   0.034730211811   0.235985207040  -1.713267270431  16.005862054537   0.001685622456   0.020810153772   0.081000000000 -16.039943306050   0.000000000000   0.000000000000  53.379538578527
    13 -568.515977364471   0.290000000000 -100.312947602656   0.625817924418   0.455641318085   0.474957369520   0.023802258836   0.157738106340 -10.566544410824 -441.436506995320   0.001311039688   0.020810153772   0.063000000000 -16.039943306050   0.000000000000   0.000000000000  53.379538578527
HT
    14 -567.943977364471   0.025000000000 -100.281822602656   0.689108024058   0.689079721279   0.006815324189   0.047329195031   0.183513390126  -0.134216447772  -2.684328955440   0.003937500000   0.050000000000   0.078750000000   0.000000000000   0.000000000000   0.000000000000   6.182930165948
    15 -567.938977364471   0.075000000000 -100.281822602632   0.651062443692   0.651027772532   0.006870740855   0.043710546435   0.171199900643  -0.313996919718  -0.911280483478   0.003812500000   0.050000000000   0.076250000000   0.000000000000   0.000000000000   0.000000000000   6.182930165948
    16 -567.933977364471   0.125000000000 -100.281822602656   0.585198582497   0.585172899341   0.005914320281   0.042315666606   0.154346375519  -0.315163202449   0.887954828865   0.003687500000   0.050000000000   0.073750000000   0.000000000000   0.000000000000   0.000000000000   6.182930165948
    17 -567.928977364662   0.175000000000 -100.281822602656   0.349420339802   0.349404692366   0.003659804373   0.026339286532   0.106882132157  -2.940445344517 -53.393597670229   0.003562500000   0.050000000000   0.071250000000   0.000000000000   0.000000000000   0.000000000000   6.182930165948
