This file contains spanwise information at angle of 2.00
 The total lift (uncorrected for stall) and drag coefficient are  CL = 0.097793 (uncorrected)  CDi =   0.00097087   The horizontal tail is panel 14 through 17
 index               xo               yo               zo               cn               cl               cy               cd                A                B                C                S             span            chord               nu          epsilon              psi            phiLE	#
     0 -577.144869270106   0.010000000000 -20.154459345695   0.170481661991   0.170475891417   0.001275763801   0.001813116317   0.107567538155  -0.039318937191  -1.965946859568   0.003976666667   0.020000000000   0.198833333333   0.000000000000   0.000000000000   0.000000000000  20.276470594225
     1 -577.138202603439   0.030000000000 -20.154459345689   0.171059136843   0.171052021404   0.001381624496   0.001642397752   0.106048374454  -0.107238054325  -1.430008997098   0.003890000000   0.020000000000   0.194500000000   0.000000000000   0.000000000000   0.000000000000  20.276470594225
     2 -577.131535936772   0.050000000000 -20.154459345695   0.170139901817   0.170138221783   0.000940216687   0.001468376590   0.103519015142  -0.126957339539   0.444044736396   0.003803333333   0.020000000000   0.190166666667   0.000000000000   0.000000000000   0.000000000000  20.276470594225
     3 -577.120535936868   0.073333333333 -20.154959345695   0.170510099751   0.170282601319   0.008737204051   0.001390566251   0.100789227871  -0.107457784607   0.397920068399   0.004892325181   0.026685410080   0.183333333333  -2.147585428299   0.000000000000   0.000000000000  32.329248815621
     4 -577.105202603535   0.100000000000 -20.155959345695   0.171606970991   0.171333273336   0.009543162870   0.001373783242   0.097880305605  -0.134895829304  -1.426124042604   0.004643261354   0.026685410080   0.174000000000  -2.147585428299   0.000000000000   0.000000000000  32.329248815621
     5 -577.089869270201   0.126666666667 -20.156959345695   0.171070812960   0.170798225236   0.009500217756   0.001335721465   0.093387579311  -0.192634703334  -0.737562925591   0.004394197526   0.026685410080   0.164666666667  -2.147585428299   0.000000000000   0.000000000000  32.329248815621
     6 -577.075077603439   0.150000000000 -20.158459345695   0.170436815270   0.169096990519   0.021230244315   0.001296011447   0.088587014846  -0.205397699940   0.344241699253   0.003130536256   0.020099751242   0.155750000000  -5.710593137500   0.000000000000   0.000000000000  37.934483353643
     7 -577.060827603630   0.170000000000 -20.160459345695   0.169798938731   0.168411900464   0.021557262322   0.001277624668   0.084407023553  -0.229494603521  -1.543107460845   0.002959688370   0.020099751242   0.147250000000  -5.710593137500   0.000000000000   0.000000000000  37.934483353643
     8 -577.046577603439   0.190000000000 -20.162459345695   0.167324023742   0.165908137726   0.021629083016   0.001229696779   0.079011679133  -0.323197707596  -3.118796208792   0.002788840485   0.020099751242   0.138750000000  -5.710593137500   0.000000000000   0.000000000000  37.934483353643
     9 -577.032327603439   0.210000000000 -20.164459345695   0.162300234719   0.160971996300   0.020606706436   0.001119510370   0.071424394859  -0.414958826272  -1.446490076078   0.002617992599   0.020099751242   0.130250000000  -5.710593137500   0.000000000000   0.000000000000  37.934483353643
    10 -577.012702603439   0.230000000000 -20.168334345695   0.162502940350   0.152485865840   0.056271477374   0.001045952102   0.062859364167  -0.372616618445   3.431800615888   0.002434787991   0.020810153772   0.117000000000 -16.039943306050   0.000000000000   0.000000000000  53.379538578527
    11 -576.987702603630   0.250000000000 -20.174084345695   0.165091713740   0.154584125750   0.058148541005   0.001155260476   0.055929394579  -0.357018951430  -2.682278666843   0.002060205223   0.020810153772   0.099000000000 -16.039943306050   0.000000000000   0.000000000000  53.379538578527
    12 -576.962702603821   0.270000000000 -20.179834345695   0.160573163775   0.150192599994   0.057039673443   0.001470117794   0.047981327518  -0.345034538227   3.258171249600   0.001685622456   0.020810153772   0.081000000000 -16.039943306050   0.000000000000   0.000000000000  53.379538578527
    13 -576.937702603439   0.290000000000 -20.185584345695   0.106306838360   0.097786198818   0.042690137657   0.001016360510   0.032115665922  -2.150102544034 -89.997943843937   0.001311039688   0.020810153772   0.063000000000 -16.039943306050   0.000000000000   0.000000000000  53.379538578527
HT
    14 -576.365702603439   0.025000000000 -20.154459345695   0.103719800909   0.103719821750   0.000154656944   0.001952416935   0.027430760444  -0.012469678134  -0.249393562689   0.003937500000   0.050000000000   0.078750000000   0.000000000000   0.000000000000   0.000000000000   6.182930165948
    15 -576.360702603630   0.075000000000 -20.154459345695   0.099306858216   0.099306831930   0.000160981361   0.001829923132   0.026145811631  -0.040447514385  -0.310163162321   0.003812500000   0.050000000000   0.076250000000   0.000000000000   0.000000000000   0.000000000000   6.182930165948
    16 -576.355702603630   0.125000000000 -20.154459345695   0.089240080243   0.089240083858   0.000138767314   0.001724665663   0.023515415194  -0.058072855518  -0.042343660344   0.003687500000   0.050000000000   0.073750000000   0.000000000000   0.000000000000   0.000000000000   6.182930165948
    17 -576.350702603439   0.175000000000 -20.154459345695   0.052216464500   0.052216472116   0.000082761054   0.001045978561   0.015775471282  -0.440742580373  -7.611050836751   0.003562500000   0.050000000000   0.071250000000   0.000000000000   0.000000000000   0.000000000000   6.182930165948
