This file contains spanwise information at angle of 4.00
 The total lift (uncorrected for stall) and drag coefficient are  CL = 0.197278 (uncorrected)  CDi =   0.00387174   The horizontal tail is panel 14 through 17
 index               xo               yo               zo               cn               cl               cy               cd                A                B                C                S             span            chord               nu          epsilon              psi            phiLE	#
     0 -576.089905691716   0.010000000000 -40.284363587233   0.339184210972   0.339138133305   0.005086255614   0.007204213599   0.214689956772  -0.078832485850  -3.941624292509   0.003976666667   0.020000000000   0.198833333333   0.000000000000   0.000000000000   0.000000000000  20.276470594225
     1 -576.083239025049   0.030000000000 -40.284363587233   0.340343794777   0.340286999598   0.005508597286   0.006523653267   0.211645836057  -0.214661713932  -2.849837111581   0.003890000000   0.020000000000   0.194500000000   0.000000000000   0.000000000000   0.000000000000  20.276470594225
     2 -576.076572358382   0.050000000000 -40.284363587233   0.337787624389   0.337773860588   0.003750782385   0.005826995774   0.206585999024  -0.253988780240   0.883483796158   0.003803333333   0.020000000000   0.190166666667   0.000000000000   0.000000000000   0.000000000000  20.276470594225
     3 -576.065572358382   0.073333333333 -40.284863587233   0.339172761482   0.338426547222   0.022061104567   0.005515756869   0.201123364979  -0.215027847213   0.797861342244   0.004892325181   0.026685410080   0.183333333333  -2.147585428299   0.000000000000   0.000000000000  32.329248815621
     4 -576.050239025049   0.100000000000 -40.285863587233   0.341981891793   0.340987805108   0.025201905105   0.005442680043   0.195305360507  -0.269586672147  -2.842380229954   0.004643261354   0.026685410080   0.174000000000  -2.147585428299   0.000000000000   0.000000000000  32.329248815621
     5 -576.034905691716   0.126666666667 -40.286863587233   0.340518843670   0.339527781995   0.025056911414   0.005285151362   0.186330318363  -0.384850551734  -1.476979271874   0.004394197526   0.026685410080   0.164666666667  -2.147585428299   0.000000000000   0.000000000000  32.329248815621
     6 -576.020114025049   0.150000000000 -40.288363587233   0.339893159651   0.335982504197   0.050771360965   0.005129055194   0.176738656227  -0.410327353282   0.693391467044   0.003130536256   0.020099751242   0.155750000000  -5.710593137500   0.000000000000   0.000000000000  37.934483353643
     7 -576.005864025049   0.170000000000 -40.290363587233   0.339352715715   0.335202387920   0.052259819364   0.005057874226   0.168390600662  -0.458217082749  -3.075994559491   0.002959688370   0.020099751242   0.147250000000  -5.710593137500   0.000000000000   0.000000000000  37.934483353643
     8 -575.991614025049   0.190000000000 -40.292363587233   0.334544212240   0.330219178757   0.053035262405   0.004870598166   0.157620084188  -0.645108190723  -6.222185588199   0.002788840485   0.020099751242   0.138750000000  -5.710593137500   0.000000000000   0.000000000000  37.934483353643
     9 -575.977364025049   0.210000000000 -40.294363587233   0.323720372602   0.319736250787   0.049895876238   0.004424114701   0.142473070774  -0.828914996332  -2.922544781554   0.002617992599   0.020099751242   0.130250000000  -5.710593137500   0.000000000000   0.000000000000  37.934483353643
    10 -575.957739025049   0.230000000000 -40.298238587233   0.329589008488   0.300671067451   0.135651046188   0.004133910627   0.125354397619  -0.744815576390   6.864045533399   0.002434787991   0.020810153772   0.117000000000 -16.039943306050   0.000000000000   0.000000000000  53.379538578527
    11 -575.932739025049   0.250000000000 -40.303988587233   0.335818062334   0.304933851042   0.141885579601   0.004565672157   0.111505772838  -0.713134592720  -5.341664487198   0.002060205223   0.020810153772   0.099000000000 -16.039943306050   0.000000000000   0.000000000000  53.379538578527
    12 -575.907739025049   0.270000000000 -40.309738587233   0.326803138061   0.296051701273   0.139923250762   0.005805978302   0.095633323060  -0.689179355071   6.492796665819   0.001685622456   0.020810153772   0.081000000000 -16.039943306050   0.000000000000   0.000000000000  53.379538578527
    13 -575.882739025049   0.290000000000 -40.315488587233   0.218466713207   0.190726781173   0.112392165625   0.004005901694   0.063991443779  -4.284701908005 -179.270114526429   0.001311039688   0.020810153772   0.063000000000 -16.039943306050   0.000000000000   0.000000000000  53.379538578527
HT
    14 -575.310739025049   0.025000000000 -40.284363587233   0.230160073101   0.230159707629   0.000758967929   0.007890507337   0.061028574524  -0.042085586555  -0.841711731100   0.003937500000   0.050000000000   0.078750000000   0.000000000000   0.000000000000   0.000000000000   6.182930165948
    15 -575.305739025049   0.075000000000 -40.284363587233   0.217429193386   0.217428495046   0.000765829806   0.007397192520   0.057089615056  -0.104688824702  -0.410353031845   0.003812500000   0.050000000000   0.076250000000   0.000000000000   0.000000000000   0.000000000000   6.182930165948
    16 -575.300739025049   0.125000000000 -40.284363587233   0.194448117034   0.194447765150   0.000654098234   0.006992392070   0.051129762982  -0.121686388575   0.070401754393   0.003687500000   0.050000000000   0.073750000000   0.000000000000   0.000000000000   0.000000000000   6.182930165948
    17 -575.295739025049   0.175000000000 -40.284363587233   0.114429488209   0.114429320827   0.000393260032   0.004273332827   0.034621624513  -0.962632087291 -16.889315728717   0.003562500000   0.050000000000   0.071250000000   0.000000000000   0.000000000000   0.000000000000   6.182930165948
