This file contains spanwise information at angle of 6.00
 The total lift (uncorrected for stall) and drag coefficient are  CL = 0.297781 (uncorrected)  CDi =   0.00863924   The horizontal tail is panel 14 through 17
 index               xo               yo               zo               cn               cl               cy               cd                A                B                C                S             span            chord               nu          epsilon              psi            phiLE	#
     0 -574.333061241860   0.010000000000 -60.365187537070   0.505546793450   0.505391648487   0.011397873883   0.016089326360   0.321248437071  -0.118508110307  -5.925405515328   0.003976666667   0.020000000000   0.198833333333   0.000000000000   0.000000000000   0.000000000000  20.276470594225
     1 -574.326394575193   0.030000000000 -60.365187537070   0.507353552183   0.507162465418   0.012344943578   0.014564402696   0.316674835265  -0.322179809583  -4.258179448512   0.003890000000   0.020000000000   0.194500000000   0.000000000000   0.000000000000   0.000000000000  20.276470594225
     2 -574.319727908527   0.050000000000 -60.365187537070   0.502169779479   0.502122052871   0.008410268246   0.012996402452   0.309085548561  -0.380990734179   1.317633218706   0.003803333333   0.020000000000   0.190166666667   0.000000000000   0.000000000000   0.000000000000  20.276470594225
     3 -574.308727908527   0.073333333333 -60.365687537070   0.505595714895   0.503926062353   0.039882574181   0.012297443867   0.300889060497  -0.322637494673   1.199178691148   0.004892325181   0.026685410080   0.183333333333  -2.147585428299   0.000000000000   0.000000000000  32.329248815621
     4 -574.293394575193   0.100000000000 -60.366687537070   0.511045254716   0.508679715589   0.046858164030   0.012119765809   0.292163662403  -0.403979093011  -4.247346139009   0.004643261354   0.026685410080   0.174000000000  -2.147585428299   0.000000000000   0.000000000000  32.329248815621
     5 -574.278061241860   0.126666666667 -60.367687537070   0.508250638293   0.505888649544   0.046553061613   0.011753497691   0.278720099956  -0.576496359018  -2.217507333116   0.004394197526   0.026685410080   0.164666666667  -2.147585428299   0.000000000000   0.000000000000  32.329248815621
     6 -574.263269575193   0.150000000000 -60.369187537082   0.508609516634   0.500544189414   0.088419440316   0.011408574727   0.264350615818  -0.614629665977   1.046867959998   0.003130536256   0.020099751242   0.155750000000  -5.710593137500   0.000000000000   0.000000000000  37.934483353643
     7 -574.249019575193   0.170000000000 -60.371187537058   0.509034492449   0.500336428263   0.091885254133   0.011253870998   0.251849625240  -0.685984681101  -4.596912647784   0.002959688370   0.020099751242   0.147250000000  -5.710593137500   0.000000000000   0.000000000000  37.934483353643
     8 -574.234769575193   0.190000000000 -60.373187537058   0.502175321677   0.492991982645   0.093980366770   0.010842735094   0.235728706264  -0.965435139610  -9.306267304111   0.002788840485   0.020099751242   0.138750000000  -5.710593137500   0.000000000000   0.000000000000  37.934483353643
     9 -574.220519575194   0.210000000000 -60.375187537058   0.484594697125   0.476219733199   0.087654399084   0.009826838073   0.213056881706  -1.241448986550  -4.425934831793   0.002617992599   0.020099751242   0.130250000000  -5.710593137500   0.000000000000   0.000000000000  37.934483353643
    10 -574.200894575003   0.230000000000 -60.379062537082   0.503911391733   0.445383569083   0.237507836298   0.009182161335   0.187404719049  -1.116230185909  10.292042630947   0.002434787991   0.020810153772   0.117000000000 -16.039943306050   0.000000000000   0.000000000000  53.379538578527
    11 -574.175894575003   0.250000000000 -60.384812537058   0.515195165184   0.452024332070   0.250483254342   0.010140472179   0.166655257781  -1.068001481377  -7.974486256249   0.002060205223   0.020810153772   0.099000000000 -16.039943306050   0.000000000000   0.000000000000  53.379538578527
    12 -574.150894575384   0.270000000000 -60.390562537082   0.501756153606   0.438575602401   0.247891065969   0.012886161847   0.142889930167  -1.032120358802   9.698698531093   0.001685622456   0.020810153772   0.081000000000 -16.039943306050   0.000000000000   0.000000000000  53.379538578527
    13 -574.125894575002   0.290000000000 -60.396312537082   0.340334018831   0.280341250170   0.208306795793   0.008872158610   0.095580895416  -6.400753958781 -267.680146380414   0.001311039688   0.020810153772   0.063000000000 -16.039943306050   0.000000000000   0.000000000000  53.379538578527
HT
    14 -573.553894575193   0.025000000000 -60.365187537070   0.372030352681   0.372027413018   0.001981833103   0.017649156138   0.098788411960  -0.073988945536  -1.479778910721   0.003937500000   0.050000000000   0.078750000000   0.000000000000   0.000000000000   0.000000000000   6.182930165948
    15 -573.548894575193   0.075000000000 -60.365187537070   0.350498062896   0.350493992621   0.001986008977   0.016500112657   0.091983748591  -0.174428341849  -0.529009015535   0.003812500000   0.050000000000   0.076250000000   0.000000000000   0.000000000000   0.000000000000   6.182930165948
    16 -573.543894575193   0.125000000000 -60.365187537070   0.313629333978   0.313626753053   0.001694983613   0.015724066932   0.082449090457  -0.186586723599   0.285841380528   0.003687500000   0.050000000000   0.073750000000   0.000000000000   0.000000000000   0.000000000000   6.182930165948
    17 -573.538894575193   0.175000000000 -60.365187537070   0.185664673710   0.185663226967   0.001030258070   0.009669618899   0.056318621740  -1.559261464597 -27.739336200484   0.003562500000   0.050000000000   0.071250000000   0.000000000000   0.000000000000   0.000000000000   6.182930165948
