This file contains spanwise information at angle of 8.00
 The total lift (uncorrected for stall) and drag coefficient are  CL = 0.398853 (uncorrected)  CDi =   0.01517635   The horizontal tail is panel 14 through 17
 index               xo               yo               zo               cn               cl               cy               cd                A                B                C                S             span            chord               nu          epsilon              psi            phiLE	#
     0 -571.876476364969   0.010000000000 -80.372465804434   0.669053356610   0.668686647327   0.020166507320   0.028371549064   0.427132498238  -0.158304630247  -7.915231512346   0.003976666667   0.020000000000   0.198833333333   0.000000000000   0.000000000000   0.000000000000  20.276470594225
     1 -571.869809698112   0.030000000000 -80.372465804434   0.671631653269   0.671180499823   0.021843278038   0.025673572970   0.421026450584  -0.429686379551  -5.653855952854   0.003890000000   0.020000000000   0.194500000000   0.000000000000   0.000000000000   0.000000000000  20.276470594225
     2 -571.863143031445   0.050000000000 -80.372465804458   0.662573300704   0.662456758008   0.014889293585   0.022886297959   0.410911155705  -0.507845599142   1.745894973282   0.003803333333   0.020000000000   0.190166666667   0.000000000000   0.000000000000   0.000000000000  20.276470594225
     3 -571.852143031636   0.073333333333 -80.372965804434   0.669430603884   0.666322547234   0.062094730855   0.021648187851   0.399982220567  -0.430197809860   1.601245387984   0.004892325181   0.026685410080   0.183333333333  -2.147585428299   0.000000000000   0.000000000000  32.329248815621
     4 -571.836809698207   0.100000000000 -80.373965804434   0.678741250103   0.674161395542   0.074369890466   0.021308969986   0.388353373233  -0.537968262124  -5.639798737640   0.004643261354   0.026685410080   0.174000000000  -2.147585428299   0.000000000000   0.000000000000  32.329248815621
     5 -571.821476364874   0.126666666667 -80.374965804434   0.674202849697   0.669622556508   0.073847643245   0.020636846007   0.370458654503  -0.767416993641  -2.958485149810   0.004394197526   0.026685410080   0.164666666667  -2.147585428299   0.000000000000   0.000000000000  32.329248815621
     6 -571.806684698303   0.150000000000 -80.376465804434   0.676830231027   0.662705845813   0.133939379570   0.020034663920   0.351328486987  -0.818144050819   1.404063757702   0.003130536256   0.020099751242   0.155750000000  -5.710593137500   0.000000000000   0.000000000000  37.934483353643
     7 -571.792434698112   0.170000000000 -80.378465804434   0.679201658647   0.663805202526   0.140175969052   0.019769289600   0.334692884680  -0.912619107407  -6.104373500325   0.002959688370   0.020099751242   0.147250000000  -5.710593137500   0.000000000000   0.000000000000  37.934483353643
     8 -571.778184698303   0.190000000000 -80.380465804434   0.670705495863   0.654307259219   0.144187823496   0.019056696018   0.313250714128  -1.283901327750 -12.367607364917   0.002788840485   0.020099751242   0.138750000000  -5.710593137500   0.000000000000   0.000000000000  37.934483353643
     9 -571.763934698303   0.210000000000 -80.382465804434   0.645251768847   0.630382532872   0.133634445241   0.017233266452   0.283095829311  -1.652170725537  -5.954479975782   0.002617992599   0.020099751242   0.130250000000  -5.710593137500   0.000000000000   0.000000000000  37.934483353643
    10 -571.744309698303   0.230000000000 -80.386340804434   0.687758353520   0.587475966737   0.361115324774   0.016099891340   0.248938511430  -1.486517615198  13.711416059681   0.002434787991   0.020810153772   0.117000000000 -16.039943306050   0.000000000000   0.000000000000  53.379538578527
    11 -571.719309698303   0.250000000000 -80.392090804410   0.705800035731   0.596845655861   0.383105217390   0.017778491363   0.221312085035  -1.421302584774 -10.577607864921   0.002060205223   0.020810153772   0.099000000000 -16.039943306050   0.000000000000   0.000000000000  53.379538578527
    12 -571.694309698112   0.270000000000 -80.397840804458   0.688045227720   0.578775757979   0.380071397531   0.022576491257   0.189692493939  -1.373572634335  12.871197377187   0.001685622456   0.020810153772   0.081000000000 -16.039943306050   0.000000000000   0.000000000000  53.379538578527
    13 -571.669309698494   0.290000000000 -80.403590804410   0.475214345359   0.368149964189   0.329509185560   0.015509295831   0.126842848768  -8.495558237506 -355.107284689097   0.001311039688   0.020810153772   0.063000000000 -16.039943306050   0.000000000000   0.000000000000  53.379538578527
HT
    14 -571.097309698303   0.025000000000 -80.372465804434   0.525864719906   0.525853896263   0.003961995074   0.030918207797   0.139818961249  -0.104780238184  -2.095604763674   0.003937500000   0.050000000000   0.078750000000   0.000000000000   0.000000000000   0.000000000000   6.182930165948
    15 -571.092309698112   0.075000000000 -80.372465804434   0.495863161522   0.495849420733   0.003976936182   0.028753544085   0.130213910734  -0.244502850264  -0.698847477924   0.003812500000   0.050000000000   0.076250000000   0.000000000000   0.000000000000   0.000000000000   6.182930165948
    16 -571.087309698303   0.125000000000 -80.372465804434   0.444720176561   0.444710571133   0.003406349633   0.027628496560   0.117038710082  -0.250622753630   0.576449410589   0.003687500000   0.050000000000   0.073750000000   0.000000000000   0.000000000000   0.000000000000   6.182930165948
    17 -571.082309698303   0.175000000000 -80.372465804434   0.264641290530   0.264635589830   0.002092386712   0.017089266469   0.080577563053  -2.222668442448 -40.017363186950   0.003562500000   0.050000000000   0.071250000000   0.000000000000   0.000000000000   0.000000000000   6.182930165948
