Output file of performance calculations
Weight    = 801.000000  Wing area = 0.088500  cmac      = 0.100000  
xcg = 0.000000  ycg = 0.000000  zcg = 0.000000
   alpha     Vinf       CL       CD   Dtotal      L/D   wglide     Preq     Dind    Dprof      Dht      Dvt     Dfus   Dinter    Dmisc  CMoWing
     0.0      nan     0.00      nan      nan      nan      nan      nan      nan      inf      nan      nan      nan      nan    0.000    0.000 
     2.0    13.58     0.10  0.00677   55.419     14.5     0.94   752.33    7.952   47.467    0.000    0.000    0.000    0.000    0.000    0.008 
     4.0     9.53     0.20  0.01017   41.295     19.6     0.49   393.66   15.720   25.574    0.000    0.000    0.000    0.000    0.000    0.014 
     6.0     7.74     0.30  0.01577   42.409     19.2     0.40   328.08   23.239   19.170    0.000    0.000    0.000    0.000    0.000    0.007 
     8.0     6.66     0.41  0.02323   46.642     17.6     0.38   310.75   30.478   16.164    0.000    0.000    0.000    0.000    0.000   -0.009 
    10.0     5.93     0.51  0.03275   52.460     15.7     0.38   311.04   37.435   15.025    0.000    0.000    0.000    0.000    0.000   -0.008 
