


Program Version: FreeWake2018_Omega
fixed wake
steady aerodynamics
Ref. Area   : 0.088500
Aspect Ratio: 4.067797
Alpha       : 0.000000
Beta        : 0.000000
asymmetrical geometry: 0
lifting surface after timestep: 0
elements in span direction: 18
elements in chord direction: 3
no. of wings: 2  first and last span indices of each wing:  0  13  14  17

 index               xo               yo               zo        Nlift_tot        NLift_ind           NY_tot              NYi                A                B                C              eta              xsi               nu          epsilon              psi            phiLE             phi0            phiTE	#
     0 -27.496666666667   0.010000000000   0.000000000000   0.000000000000   0.000000000000   0.000000000000   0.000000000000   0.000000000000   0.000000000000   0.000000000000   0.010000000000   0.033138888889   0.000000000000   0.000000000000   0.000000000000  20.276470594225  18.414794859545  16.553119124866
     1 -27.490000000000   0.030000000000   0.000000000000   0.000000000000   0.000000000000   0.000000000000   0.000000000000   0.000000000000   0.000000000000   0.000000000000   0.010000000000   0.032416666667   0.000000000000   0.000000000000   0.000000000000  20.276470594225  18.414794859545  16.553119124866
     2 -27.483333333333   0.050000000000   0.000000000000   0.000000000000   0.000000000000   0.000000000000   0.000000000000   0.000000000000   0.000000000000   0.000000000000   0.010000000000   0.031694444444   0.000000000000   0.000000000000   0.000000000000  20.276470594225  18.414794859545  16.553119124866
     3 -27.430388888889   0.010000000000   0.000000000000   0.000000000000   0.000000000000   0.000000000000   0.000000000000   0.000000000000   0.000000000000   0.000000000000   0.010000000000   0.033138888889   0.000000000000   0.000000000000   0.000000000000  16.553119124866  14.616751308343  12.680383491820
     4 -27.425166666667   0.030000000000   0.000000000000   0.000000000000   0.000000000000   0.000000000000   0.000000000000   0.000000000000   0.000000000000   0.000000000000   0.010000000000   0.032416666667   0.000000000000   0.000000000000   0.000000000000  16.553119124866  14.616751308343  12.680383491820
     5 -27.419944444444   0.050000000000   0.000000000000   0.000000000000   0.000000000000   0.000000000000   0.000000000000   0.000000000000   0.000000000000   0.000000000000   0.010000000000   0.031694444444   0.000000000000   0.000000000000   0.000000000000  16.553119124866  14.616751308343  12.680383491820
     6 -27.364111111111   0.010000000000   0.000000000000   0.000000000000   0.000000000000   0.000000000000   0.000000000000   0.000000000000   0.000000000000   0.000000000000   0.010000000000   0.033138888889   0.000000000000   0.000000000000   0.000000000000  12.680383491820  10.683369036528   8.686354581237
     7 -27.360333333333   0.030000000000   0.000000000000   0.000000000000   0.000000000000   0.000000000000   0.000000000000   0.000000000000   0.000000000000   0.000000000000   0.010000000000   0.032416666667   0.000000000000   0.000000000000   0.000000000000  12.680383491820  10.683369036528   8.686354581237
     8 -27.356555555556   0.050000000000   0.000000000000   0.000000000000   0.000000000000   0.000000000000   0.000000000000   0.000000000000   0.000000000000   0.000000000000   0.010000000000   0.031694444444   0.000000000000   0.000000000000   0.000000000000  12.680383491820  10.683369036528   8.686354581237
     9 -27.472333333333   0.073333333333  -0.000500000000   0.000000000000   0.000000000000   0.000000000000   0.000000000000   0.000000000000   0.000000000000   0.000000000000   0.013342705040   0.030555555556  -2.147585428299   0.000000000000   0.000000000000  32.329248815621  29.818363056026  27.307477296431
    10 -27.457000000000   0.100000000000  -0.001500000000   0.000000000000   0.000000000000   0.000000000000   0.000000000000   0.000000000000   0.000000000000   0.000000000000   0.013342705040   0.029000000000  -2.147585428299   0.000000000000   0.000000000000  32.329248815621  29.818363056026  27.307477296431
    11 -27.441666666667   0.126666666667  -0.002500000000   0.000000000000   0.000000000000   0.000000000000   0.000000000000   0.000000000000   0.000000000000   0.000000000000   0.013342705040   0.027444444444  -2.147585428299   0.000000000000   0.000000000000  32.329248815621  29.818363056026  27.307477296431
    12 -27.411222222222   0.073333333333  -0.000500000000   0.000000000000   0.000000000000   0.000000000000   0.000000000000   0.000000000000   0.000000000000   0.000000000000   0.013342705040   0.030555555556  -2.147585428299   0.000000000000   0.000000000000  27.307477296431  24.547504157964  21.787531019497
    13 -27.399000000000   0.100000000000  -0.001500000000   0.000000000000   0.000000000000   0.000000000000   0.000000000000   0.000000000000   0.000000000000   0.000000000000   0.013342705040   0.029000000000  -2.147585428299   0.000000000000   0.000000000000  27.307477296431  24.547504157964  21.787531019497
    14 -27.386777777778   0.126666666667  -0.002500000000   0.000000000000   0.000000000000   0.000000000000   0.000000000000   0.000000000000   0.000000000000   0.000000000000   0.013342705040   0.027444444444  -2.147585428299   0.000000000000   0.000000000000  27.307477296431  24.547504157964  21.787531019497
    15 -27.350111111111   0.073333333333  -0.000500000000   0.000000000000   0.000000000000   0.000000000000   0.000000000000   0.000000000000   0.000000000000   0.000000000000   0.013342705040   0.030555555556  -2.147585428299   0.000000000000   0.000000000000  21.787531019497  18.798084690907  15.808638362318
    16 -27.341000000000   0.100000000000  -0.001500000000   0.000000000000   0.000000000000   0.000000000000   0.000000000000   0.000000000000   0.000000000000   0.000000000000   0.013342705040   0.029000000000  -2.147585428299   0.000000000000   0.000000000000  21.787531019497  18.798084690907  15.808638362318
    17 -27.331888888889   0.126666666667  -0.002500000000   0.000000000000   0.000000000000   0.000000000000   0.000000000000   0.000000000000   0.000000000000   0.000000000000   0.013342705040   0.027444444444  -2.147585428299   0.000000000000   0.000000000000  21.787531019497  18.798084690907  15.808638362318
    18 -27.426875000000   0.150000000000  -0.004000000000   0.000000000000   0.000000000000   0.000000000000   0.000000000000   0.000000000000   0.000000000000   0.000000000000   0.010049875621   0.025958333333  -5.710593137500   0.000000000000   0.000000000000  37.934483353643  35.245995008743  32.557506663843
    19 -27.412625000000   0.170000000000  -0.006000000000   0.000000000000   0.000000000000   0.000000000000   0.000000000000   0.000000000000   0.000000000000   0.000000000000   0.010049875621   0.024541666667  -5.710593137500   0.000000000000   0.000000000000  37.934483353643  35.245995008743  32.557506663843
    20 -27.398375000000   0.190000000000  -0.008000000000   0.000000000000   0.000000000000   0.000000000000   0.000000000000   0.000000000000   0.000000000000   0.000000000000   0.010049875621   0.023125000000  -5.710593137500   0.000000000000   0.000000000000  37.934483353643  35.245995008743  32.557506663843
    21 -27.384125000000   0.210000000000  -0.010000000000   0.000000000000   0.000000000000   0.000000000000   0.000000000000   0.000000000000   0.000000000000   0.000000000000   0.010049875621   0.021708333333  -5.710593137500   0.000000000000   0.000000000000  37.934483353643  35.245995008743  32.557506663843
    22 -27.374958333333   0.150000000000  -0.004000000000   0.000000000000   0.000000000000   0.000000000000   0.000000000000   0.000000000000   0.000000000000   0.000000000000   0.010049875621   0.025958333333  -5.710593137500   0.000000000000   0.000000000000  32.557506663843  29.504352881592  26.451199099341
    23 -27.363541666667   0.170000000000  -0.006000000000   0.000000000000   0.000000000000   0.000000000000   0.000000000000   0.000000000000   0.000000000000   0.000000000000   0.010049875621   0.024541666667  -5.710593137500   0.000000000000   0.000000000000  32.557506663843  29.504352881592  26.451199099341
    24 -27.352125000000   0.190000000000  -0.008000000000   0.000000000000   0.000000000000   0.000000000000   0.000000000000   0.000000000000   0.000000000000   0.000000000000   0.010049875621   0.023125000000  -5.710593137500   0.000000000000   0.000000000000  32.557506663843  29.504352881592  26.451199099341
    25 -27.340708333333   0.210000000000  -0.010000000000   0.000000000000   0.000000000000   0.000000000000   0.000000000000   0.000000000000   0.000000000000   0.000000000000   0.010049875621   0.021708333333  -5.710593137500   0.000000000000   0.000000000000  32.557506663843  29.504352881592  26.451199099341
    26 -27.323041666667   0.150000000000  -0.004000000000   0.000000000000   0.000000000000   0.000000000000   0.000000000000   0.000000000000   0.000000000000   0.000000000000   0.010049875621   0.025958333333  -5.710593137500   0.000000000000   0.000000000000  26.451199099341  23.037572833405  19.623946567469
    27 -27.314458333333   0.170000000000  -0.006000000000   0.000000000000   0.000000000000   0.000000000000   0.000000000000   0.000000000000   0.000000000000   0.000000000000   0.010049875621   0.024541666667  -5.710593137500   0.000000000000   0.000000000000  26.451199099341  23.037572833405  19.623946567469
    28 -27.305875000000   0.190000000000  -0.008000000000   0.000000000000   0.000000000000   0.000000000000   0.000000000000   0.000000000000   0.000000000000   0.000000000000   0.010049875621   0.023125000000  -5.710593137500   0.000000000000   0.000000000000  26.451199099341  23.037572833405  19.623946567469
    29 -27.297291666667   0.210000000000  -0.010000000000   0.000000000000   0.000000000000   0.000000000000   0.000000000000   0.000000000000   0.000000000000   0.000000000000   0.010049875621   0.021708333333  -5.710593137500   0.000000000000   0.000000000000  26.451199099341  23.037572833405  19.623946567469
    30 -27.364500000000   0.230000000000  -0.013875000000   0.000000000000   0.000000000000   0.000000000000   0.000000000000   0.000000000000   0.000000000000   0.000000000000   0.010405076886   0.019500000000 -16.039943306050   0.000000000000   0.000000000000  53.379538578527  49.985790969986  46.592043361445
    31 -27.339500000000   0.250000000000  -0.019625000000   0.000000000000   0.000000000000   0.000000000000   0.000000000000   0.000000000000   0.000000000000   0.000000000000   0.010405076886   0.016500000000 -16.039943306050   0.000000000000   0.000000000000  53.379538578527  49.985790969986  46.592043361445
    32 -27.314500000000   0.270000000000  -0.025375000000   0.000000000000   0.000000000000   0.000000000000   0.000000000000   0.000000000000   0.000000000000   0.000000000000   0.010405076886   0.013500000000 -16.039943306050   0.000000000000   0.000000000000  53.379538578527  49.985790969986  46.592043361445
    33 -27.289500000000   0.290000000000  -0.031125000000   0.000000000000   0.000000000000   0.000000000000   0.000000000000   0.000000000000   0.000000000000   0.000000000000   0.010405076886   0.010500000000 -16.039943306050   0.000000000000   0.000000000000  53.379538578527  49.985790969986  46.592043361445
    34 -27.325500000000   0.230000000000  -0.013875000000   0.000000000000   0.000000000000   0.000000000000   0.000000000000   0.000000000000   0.000000000000   0.000000000000   0.010405076886   0.019500000000 -16.039943306050   0.000000000000   0.000000000000  46.592043361445  42.073561307079  37.555079252713
    35 -27.306500000000   0.250000000000  -0.019625000000   0.000000000000   0.000000000000   0.000000000000   0.000000000000   0.000000000000   0.000000000000   0.000000000000   0.010405076886   0.016500000000 -16.039943306050   0.000000000000   0.000000000000  46.592043361445  42.073561307079  37.555079252713
    36 -27.287500000000   0.270000000000  -0.025375000000   0.000000000000   0.000000000000   0.000000000000   0.000000000000   0.000000000000   0.000000000000   0.000000000000   0.010405076886   0.013500000000 -16.039943306050   0.000000000000   0.000000000000  46.592043361445  42.073561307079  37.555079252713
    37 -27.268500000000   0.290000000000  -0.031125000000   0.000000000000   0.000000000000   0.000000000000   0.000000000000   0.000000000000   0.000000000000   0.000000000000   0.010405076886   0.010500000000 -16.039943306050   0.000000000000   0.000000000000  46.592043361445  42.073561307079  37.555079252713
    38 -27.286500000000   0.230000000000  -0.013875000000   0.000000000000   0.000000000000   0.000000000000   0.000000000000   0.000000000000   0.000000000000   0.000000000000   0.010405076886   0.019500000000 -16.039943306050   0.000000000000   0.000000000000  37.555079252713  31.610488454922  25.665897657130
    39 -27.273500000000   0.250000000000  -0.019625000000   0.000000000000   0.000000000000   0.000000000000   0.000000000000   0.000000000000   0.000000000000   0.000000000000   0.010405076886   0.016500000000 -16.039943306050   0.000000000000   0.000000000000  37.555079252713  31.610488454922  25.665897657130
    40 -27.260500000000   0.270000000000  -0.025375000000   0.000000000000   0.000000000000   0.000000000000   0.000000000000   0.000000000000   0.000000000000   0.000000000000   0.010405076886   0.013500000000 -16.039943306050   0.000000000000   0.000000000000  37.555079252713  31.610488454922  25.665897657130
    41 -27.247500000000   0.290000000000  -0.031125000000   0.000000000000   0.000000000000   0.000000000000   0.000000000000   0.000000000000   0.000000000000   0.000000000000   0.010405076886   0.010500000000 -16.039943306050   0.000000000000   0.000000000000  37.555079252713  31.610488454922  25.665897657130
    42 -26.717500000000   0.025000000000   0.000000000000   0.000000000000   0.000000000000   0.000000000000   0.000000000000   0.000000000000   0.000000000000   0.000000000000   0.025000000000   0.013125000000   0.000000000000   0.000000000000   0.000000000000   6.182930165948   5.710203116380   5.237476066813
    43 -26.712500000000   0.075000000000   0.000000000000   0.000000000000   0.000000000000   0.000000000000   0.000000000000   0.000000000000   0.000000000000   0.000000000000   0.025000000000   0.012708333333   0.000000000000   0.000000000000   0.000000000000   6.182930165948   5.710203116380   5.237476066813
    44 -26.707500000000   0.125000000000   0.000000000000   0.000000000000   0.000000000000   0.000000000000   0.000000000000   0.000000000000   0.000000000000   0.000000000000   0.025000000000   0.012291666667   0.000000000000   0.000000000000   0.000000000000   6.182930165948   5.710203116380   5.237476066813
    45 -26.702500000000   0.175000000000   0.000000000000   0.000000000000   0.000000000000   0.000000000000   0.000000000000   0.000000000000   0.000000000000   0.000000000000   0.025000000000   0.011875000000   0.000000000000   0.000000000000   0.000000000000   6.182930165948   5.710203116380   5.237476066813
    46 -26.691250000000   0.025000000000   0.000000000000   0.000000000000   0.000000000000   0.000000000000   0.000000000000   0.000000000000   0.000000000000   0.000000000000   0.025000000000   0.013125000000   0.000000000000   0.000000000000   0.000000000000   5.237476066813   4.763314697816   4.289153328819
    47 -26.687083333333   0.075000000000   0.000000000000   0.000000000000   0.000000000000   0.000000000000   0.000000000000   0.000000000000   0.000000000000   0.000000000000   0.025000000000   0.012708333333   0.000000000000   0.000000000000   0.000000000000   5.237476066813   4.763314697816   4.289153328819
    48 -26.682916666667   0.125000000000   0.000000000000   0.000000000000   0.000000000000   0.000000000000   0.000000000000   0.000000000000   0.000000000000   0.000000000000   0.025000000000   0.012291666667   0.000000000000   0.000000000000   0.000000000000   5.237476066813   4.763314697816   4.289153328819
    49 -26.678750000000   0.175000000000   0.000000000000   0.000000000000   0.000000000000   0.000000000000   0.000000000000   0.000000000000   0.000000000000   0.000000000000   0.025000000000   0.011875000000   0.000000000000   0.000000000000   0.000000000000   5.237476066813   4.763314697816   4.289153328819
    50 -26.665000000000   0.025000000000   0.000000000000   0.000000000000   0.000000000000   0.000000000000   0.000000000000   0.000000000000   0.000000000000   0.000000000000   0.025000000000   0.013125000000   0.000000000000   0.000000000000   0.000000000000   4.289153328819   3.813811936292   3.338470543764
    51 -26.661666666667   0.075000000000   0.000000000000   0.000000000000   0.000000000000   0.000000000000   0.000000000000   0.000000000000   0.000000000000   0.000000000000   0.025000000000   0.012708333333   0.000000000000   0.000000000000   0.000000000000   4.289153328819   3.813811936292   3.338470543764
    52 -26.658333333333   0.125000000000   0.000000000000   0.000000000000   0.000000000000   0.000000000000   0.000000000000   0.000000000000   0.000000000000   0.000000000000   0.025000000000   0.012291666667   0.000000000000   0.000000000000   0.000000000000   4.289153328819   3.813811936292   3.338470543764
    53 -26.655000000000   0.175000000000   0.000000000000   0.000000000000   0.000000000000   0.000000000000   0.000000000000   0.000000000000   0.000000000000   0.000000000000   0.025000000000   0.011875000000   0.000000000000   0.000000000000   0.000000000000   4.289153328819   3.813811936292   3.338470543764


wake shape after timestep: 0
 span time              xo               yo               zo               nu          epsilon              psi                U                V                W                A                B                C              eta              xsi                K            phiLE             phi0            phiTE	#
    0    0 -13.580972222222   0.010000000000   0.000000000000   0.000000000000   0.000000000000   0.000000000000  11.000000000000   0.000000000000   0.000000000000   0.000000000000   0.000000000000   0.000000000000   0.010000000000  13.750000000000   0.000000000000   8.686354581237  10.683369036528  12.680383491820
    1    0 -13.577916666667   0.030000000000   0.000000000000   0.000000000000   0.000000000000   0.000000000000  11.000000000000   0.000000000000   0.000000000000   0.000000000000   0.000000000000   0.000000000000   0.010000000000  13.750000000000   0.000000000000   8.686354581237  10.683369036528  12.680383491820
    2    0 -13.574861111111   0.050000000000   0.000000000000   0.000000000000   0.000000000000   0.000000000000  11.000000000000   0.000000000000   0.000000000000   0.000000000000   0.000000000000   0.000000000000   0.010000000000  13.750000000000   0.000000000000   8.686354581237  10.683369036528  12.680383491820
    3    0 -13.569555555556   0.073333333333  -0.000500000000  -2.147585428299   0.000000000000   0.000000000000  11.000000000000   0.000000000000   0.000000000000   0.000000000000   0.000000000000   0.000000000000   0.013342705040  13.750000000000   0.000000000000  15.808638362318  18.798084690907  21.787531019497
    4    0 -13.562000000000   0.100000000000  -0.001500000000  -2.147585428299   0.000000000000   0.000000000000  11.000000000000   0.000000000000   0.000000000000   0.000000000000   0.000000000000   0.000000000000   0.013342705040  13.750000000000   0.000000000000  15.808638362318  18.798084690907  21.787531019497
    5    0 -13.554444444444   0.126666666667  -0.002500000000  -2.147585428299   0.000000000000   0.000000000000  11.000000000000   0.000000000000   0.000000000000   0.000000000000   0.000000000000   0.000000000000   0.013342705040  13.750000000000   0.000000000000  15.808638362318  18.798084690907  21.787531019497
    6    0 -13.547083333333   0.150000000000  -0.004000000000  -5.710593137500   0.000000000000   0.000000000000  11.000000000000   0.000000000000   0.000000000000   0.000000000000   0.000000000000   0.000000000000   0.010049875621  13.750000000000   0.000000000000  19.623946567469  23.037572833405  26.451199099341
    7    0 -13.539916666667   0.170000000000  -0.006000000000  -5.710593137500   0.000000000000   0.000000000000  11.000000000000   0.000000000000   0.000000000000   0.000000000000   0.000000000000   0.000000000000   0.010049875621  13.750000000000   0.000000000000  19.623946567469  23.037572833405  26.451199099340
    8    0 -13.532750000000   0.190000000000  -0.008000000000  -5.710593137500   0.000000000000   0.000000000000  11.000000000000   0.000000000000   0.000000000000   0.000000000000   0.000000000000   0.000000000000   0.010049875621  13.750000000000   0.000000000000  19.623946567469  23.037572833405  26.451199099340
    9    0 -13.525583333333   0.210000000000  -0.010000000000  -5.710593137500   0.000000000000   0.000000000000  11.000000000000   0.000000000000   0.000000000000   0.000000000000   0.000000000000   0.000000000000   0.010049875621  13.750000000000   0.000000000000  19.623946567469  23.037572833405  26.451199099341
   10    0 -13.517000000000   0.230000000000  -0.013875000000 -16.039943306050   0.000000000000   0.000000000000  11.000000000000   0.000000000000   0.000000000000   0.000000000000   0.000000000000   0.000000000000   0.010405076886  13.750000000000   0.000000000000  25.665897657130  31.610488454922  37.555079252713
   11    0 -13.507000000000   0.250000000000  -0.019625000000 -16.039943306050   0.000000000000   0.000000000000  11.000000000000   0.000000000000   0.000000000000   0.000000000000   0.000000000000   0.000000000000   0.010405076886  13.750000000000   0.000000000000  25.665897657130  31.610488454922  37.555079252713
   12    0 -13.497000000000   0.270000000000  -0.025375000000 -16.039943306050   0.000000000000   0.000000000000  11.000000000000   0.000000000000   0.000000000000   0.000000000000   0.000000000000   0.000000000000   0.010405076886  13.750000000000   0.000000000000  25.665897657130  31.610488454922  37.555079252713
   13    0 -13.487000000000   0.290000000000  -0.031125000000 -16.039943306050   0.000000000000   0.000000000000  11.000000000000   0.000000000000   0.000000000000   0.000000000000   0.000000000000   0.000000000000   0.010405076886  13.750000000000   0.000000000000  25.665897657130  31.610488454922  37.555079252713
   14    0 -12.901875000000   0.025000000000   0.000000000000   0.000000000000   0.000000000000   0.000000000000  11.000000000000   0.000000000000   0.000000000000   0.000000000000   0.000000000000   0.000000000000   0.025000000000  13.750000000000   0.000000000000   3.338470543764   3.813811936292   4.289153328819
   15    0 -12.898958333333   0.075000000000   0.000000000000   0.000000000000   0.000000000000   0.000000000000  11.000000000000   0.000000000000   0.000000000000   0.000000000000   0.000000000000   0.000000000000   0.025000000000  13.750000000000   0.000000000000   3.338470543764   3.813811936292   4.289153328819
   16    0 -12.896041666667   0.125000000000   0.000000000000   0.000000000000   0.000000000000   0.000000000000  11.000000000000   0.000000000000   0.000000000000   0.000000000000   0.000000000000   0.000000000000   0.025000000000  13.750000000000   0.000000000000   3.338470543764   3.813811936292   4.289153328819
   17    0 -12.893125000000   0.175000000000   0.000000000000   0.000000000000   0.000000000000   0.000000000000  11.000000000000   0.000000000000   0.000000000000   0.000000000000   0.000000000000   0.000000000000   0.025000000000  13.750000000000   0.000000000000   3.338470543764   3.813811936292   4.289153328819

